121312312111
11
1111
11
1111
11
1111
11
1111
11
1111
11
1111
11
1111
11
1111
11
1111
11
1111
11
1111
11
1111
11
1111
11
1111
11
1111
11
1111
11
1111
11
1111
11
1111
11
1111
11
1111
11
1111
11
1111
11
1111
11
1111
11
1111
11
1111
11
1111
11
1111
11
1111
11
1111
11
1111
11
1111
11
1111
11
1111
11
1111
11
1111
11
1111
11
1111
11
1111
11
1111
11
1111
11
1111
11
1111
11
1111
11
1111
11
1111
11
1111
11
1111
11
1111
11
1111
11
1111
11
1111
11
1111
11
1111
11
1111
11
1111
11
1111
11
1111
11
1111
11
1111
11
1111
11
1111
11
1111
11
1111
11
1111
11
1111
11
1111
11
1111
11
1111
11
1111
11
1111
11
1111
11
1111
11
1111
11
1111
11
1111
11
1111
11
1111
11
1111
11
1111
11
1111
11
1111
11
1111
11
1111
11
1111
11
1111
11
1111
11
1111
11
1111
11
1111
11
1111
11
1111
11
1111
11
1111
11
1111
11
1111
11
1111
11
1111
11
1111
11
1111
11
1111
11
1111
11
1111
11
1111
11
1111
11
1111
11
1111
11
1111
11
1111
11
1
